53.11988
54.0337
60.68527
62.36208
67.72347
72.01056
75.75138
79.35183
77.33743
76.4141
75.16671
84.31287
64.24082
65.32607
72.51649
76.05065
74.86953
79.3568
85.05292
87.85701
86.69994
87.80561
86.89404
97.89728
83.63401
80.61843
87.38214
92.76221
100.5081
103.3808
109.2147
110.6924
115.1927
112.4426
109.7265
124.5855
104.1283
111.7387
119.0416
120.9014
124.5041
139.0384
139.8684
143.2874
150.2372
148.4324
144.438
155.3145
125.7219
137.6551
145.4123
155.168
164.5703
177
185.1157
198.0812
198.103
199.0099
198.0911
218.4891
168.2653
184.1386
199.1564
204.0812
213.0396
224.3584
233.2317
248.9564
245.5426
252.2495
255.0574
284.1347
233.8614
241.9802
259.604
264.7525
275.0495
291.6832
305.1485
317.8218
317.8218
316.8317
312.8713
334.8119
306.3366
333.4653
346.9307
360.396
375.8416
403.1327
423.6012
426.823
423.8372
377.8825
266.7908
248.775