11.20618
13.84771
14.25808
14.77914
14.99344
15.43888
16.47658
16.94219
17.9053
17.96699
18.53146
18.72695
20.94933
21.61248
22.07775
23.67131
23.65309
22.92855
23.6451
23.98199
22.51703
23.64199
23.638
24.17842
23.62914
23.4019
22.66379
22.94498
22.91135
22.85768
22.9523
22.9566
23.07043
24.75758
25.48858
26.25656
34.43684
34.66452
34.95375
35.65196
35.97635
37.69368
38.79699
40.56139
40.72373
40.92245
41.08169
41.46093
34.60755
34.84557
35.15758
35.98076
37.9604
39.74257
40.83086
42.69307
42.83168
43.0099
43.16832
43.56436
44.55446
45.32673
47.0297
47.28713
47.28713
47.10891
47.28713
47.48515
47.54455
48.81188
55.62376
58.9703
59.40594
60.83168
60.47525
65.34653
68.47525
75.20792
78.65347
80.31683
81.36634
82.69307
83.16832
83.42574
84.35644
92.09901
90.69307
92.81188
94.31683
100.9068
105.1785
108.3569
109.5498
111.3282
75.64745
69.90709